3,2
3,1
3,3
47,4
47,3
47,2
47,1
47,0
46,3
10,205
46,2
10,255
46,1
10,183
46,0
10,31
45,3
10,139
45,2
10,111
45,1
10,191
45,0
10,175
44,5
44,4
44,3
44,2
44,1
44,0
43,4
43,3
43,2
43,1
43,0
41,5
41,4
8,6
41,3
8,16
41,2
8,7
41,1
8,9
41,0
8,13
24,3
24,1
17,3
17,2
17,1
16,3
16,2
16,1
15,3
15,2
15,1
14,2
13,2
12,3
12,2
12,1
11,29
11,25
11,23
11,19
11,15
11,13
11,11
11,9
11,7
11,5
11,3
11,2
11,1
20,2
10,307
20,1
10,269
20,3
10,267
10,265
10,249
10,239
10,229
19,2
10,217
19,1
10,181
19,3
10,171
10,161
10,157
10,149
10,27
10,23
10,7
10,3
10,2
10,1
9,7
9,5
9,3
9,2
9,1
8,17
8,11
18,1
